state | token type | action | next state | pop stack | target type 
0 			258 		0 			1			0			-1
0 			259 		0 			2			0			-1
0			260			0			3			0			-1
0			261			0			4			0			-1
0			262			0			5			0			-1
0			10			-1			6			0			-1
0			14			-1			7			0			-1
0			15			-1			8			0			-1
0			16			-1			9			0			-1
0			17			-1			10			0			-1
0			19			-1			11			0			-1
0			20			-1			12			0			-1
1			-1			1			-1			1			11
2			258			0			13			0			-1
2			12			-1			14			0			-1
3			258			0			13			0			-1
3			12			-1			15			0			-1
4			258			0			16			0			-1
4			13			-1			17			0			-1
5			258			0			13			0			-1
5			12			-1			18			0			-1
6			258			0			19			0			-1
6			259			0			2			0			-1
6			260			0			3			0			-1
6			261			0			4			0			-1
6			262			0			5			0			-1
6			-1			1			-1			1			19
6			14			-1			7			0			-1
6			15			-1			8			0			-1
6			16			-1			20			0			-1
6			18			-1			21			0			-1
7			-1			1			-1			1			16
8			-1			1			-1			1			16
9			-1			1			-1			1			17
10			258			0			22			0			-1
10			259			0			2			0			-1
10			260			0			3			0			-1
10			261			0			4			0			-1
10			262			0			5			0			-1
10			-1			1			-1			1			19
10			11			-1			23			0			-1
10			14			-1			7			0			-1
10			15			-1			8			0			-1
10			16			-1			24			0			-1
11			-1			1			-1			1			20
12			0			0			25			0			-1
12			263			0			26			0			-1
13			-1			1			-1			1			12
14			-1			1			-1			2			14
15			-1			1			-1			2			14
16			-1			1			-1			1			13
17			-1			1			-1			2			15
18			-1			1			-1			2			14
19			-1			1			-1			1			18
20			-1			1			-1			1			18
21			258			0			27			0			-1
21			259			0			2			0			-1
21			260			0			3			0			-1
21			261			0			4			0			-1
21			262			0			5			0			-1
21			-1			1			-1			2			19
21			14			-1			7			0			-1
21			15			-1			8			0			-1
21			16			-1			28			0			-1
22			-1			1			-1			1			11
23			258			0			19			0			-1
23			259			0			2			0			-1
23			260			0			3			0			-1
23			261			0			4			0			-1
23			262			0			5			0			-1
23			-1			1			-1			2			19
23			14			-1			7			0			-1
23			15			-1			8			0			-1
23			16			-1			20			0			-1
23			18			-1			29			0			-1
24			-1			1			-1			2			17
25			-1			2			25			0			-1
26			258			0			1			0			-1
26			259			0			2			0			-1
26			260			0			3			0			-1
26			261			0			4			0			-1
26			262			0			5			0			-1
26			10			-1			6			0			-1
26			14			-1			7			0			-1
26			15			-1			8			0			-1
26			16			-1			9			0			-1
26			17			-1			10			0			-1
26			19			-1			30			0			-1
27			-1			1			-1			2			18
28			-1			1			-1			2			18
29			258			0			27			0			-1
29			259			0			2			0			-1
29			260			0			3			0			-1
29			261			0			4			0			-1
29			262			0			5			0			-1
29			-1			1			-1			3			19
29			14			-1			7			0			-1
29			15			-1			8			0			-1
29			16			-1			28			0			-1
30			-1			1			-1			3			20